11 5 14 22 1 23 7 17 0 21 12 9 1 20 16 6 21 21 23 8 22 5 19 23 19 24 21 7 13 11 14 11 19 12 4 21
16 18 5 5 12 21 1 23 14 10 13 11 19 5 25 2 24 8 17 6 22 18 10 7 0 24 3 0 0 10 16 3 19 24 19 11 5
24 19 14 7 5 10 25 5 20 0 12 16 21 8 16 17 11 8 7 3 22 18 6 19 0 3 11 12 3 23 6 19 23 12 5 5 6 9
24 13 21 6 3 19 21 12 1 25 13 14 25 25 25 11 11 18 25 20 3 11 12 7 11 10 1 13 11 25 1 25 20 19 17
4 14 24 24 20 25 17 7 9 24 12 16 21 14 3 7 2 17 13 6 17 24 13 24 15 5 4 2 20 16 5 3 18 2 1 0 21
10 12 20 4 17 4 17 7 18 22 13 19 0 13 25 9 17 10 23 0 11 2 23 17 19 23 10 20 2 5 24 12 0 2 4 22
19 19 3 5 17 9 16 17 11 2 16 11 17 23 4 8 7 7 20 19 10 24 6 15 13 0 5 8 8 11 10 0 22 24 22 23 9
24 18 18 21 24 3 19 22 22 23 14 11 15 0 1 6 3 5 23 13 1 12 2 2 16 6 19 16 1 25 7 2 1 3 14 10 7 5
0 7 4 23 1 24 6 20 19 5 13 22 9 20 6 2 4 21 14 10 6 1 18 19 4 25 20 0 6 15 1 24 20 23 25 20 1 7
17 13 19 1 25 25 7 14 22 22 13 25 19 2 19 21 4 24 21 17 4 20 12 17 21 21 3 4 13 4 19 3 0 19 5 16
25 25 11 10 0 16 19 23 0 3 18 19 8 6 12 7 3 24 20 6 2 16 21 17 22 8 14 19 8 6 3 18 2 25 0 7 4 13
19 23 9 11 22 23 13 18 20 4 1 8 20 14 17 17 2 8 11 14 17 5 14 4 4 4 10 18 20 10 19 3 0 8 6 18 9
20 17 12 22 22 4 5 17 12 2 23 11 8 9 9 14 11 17 25 3 19 18 21 24 18 17 8 19 6 12 19 3 19 21 24 7
2 22 13 17 18 6 17 17 2 8 21 2 22 21 2 23 10 8 8 21 15 13 17 15 14 0 2 17 4 8 6 20 12 20 25 19 7
13 25 10 18 9 18 21 16 18 12 13 16 21 17 10 13 17 12 4 6 16 9 25 19 13 0 19 22 13 19 17 8 7 5 17
23 4 12 20 3 6 10 2 17 5 23 12 22 5 12 23 18 10 6 18 19 12 7 21 6 25 13 18 8 6 6 25 16 3 25 0 25
17 16 4 25 23 24 9 7 6 7 6 9 7 21 23 2 21 23 21 6 22 6 15 7 23 17 12 19 8 8 16 3 16 5 1 17 11 0
22 25 8 15 24 2 8 8 25 10 8 12 25 20 23 19 13 10 12 20 11 15 15 13 1 6 4 4 10 7 18 21 7 25 19 9
15 15 12 9 10 7 13 20 25 8 10 15 4 1 1 11 9 25 16 10 7 17 21 18 2 22 6 11 13 20 20 22 25 2 14 17
1 4 3 12 24 8 0 8 10 18 3 8 19 19 16 17 9 22 6 17 9 15 6 6 17 11 13 5 19 21 23 18 2 15 9 18 14
12 5 2 1 7 4 8 14 11 3 16 19 10 5 12 13 0 8 6 6 24 18 6 18