13 20 13 17 4 8 18 19 3 20 0 11 18 14 25 20 12 4 17 18 19 4 13 12 0 11 8 13 3 4 8 13 4 12 11 4 1
4 13 13 0 2 7 16 20 0 11 8 19 24 11 0 13 3 1 8 18 19 3 20 18 2 7 14 13 0 20 5 6 4 17 4 6 19 9 0
0 20 18 6 20 19 4 12 6 17 20 13 3 3 4 13 13 1 0 11 3 1 4 19 17 8 19 19 18 19 3 20 3 0 18 11 0 13
3 3 0 18 18 14 22 8 2 7 19 8 6 8 18 19 3 0 18 18 12 8 19 18 4 8 13 4 17 6 17 20 4 13 3 20 13 6 4
8 13 4 13 4 20 4 25 4 8 19 17 4 2 7 13 20 13 6 1 4 6 0 13 13 3 8 4 16 20 0 11 8 19 24 19 8 12 4
3 0 3 20 3 8 2 7 8 13 16 20 0 11 8 19 24 11 0 13 3 13 14 2 7 13 8 2 7 19 0 20 18 10 4 13 13 18
19 7 0 1 4 13 22 8 17 3 8 17 7 8 4 17 4 8 13 15 0 0 17 4 8 13 11 4 8 19 4 13 3 4 8 13 5 14 17 12
0 19 8 14 13 4 13 25 20 18 0 12 12 4 13 6 4 18 19 4 11 11 19 25 22 4 8 9 0 7 17 4 21 14 17 3 4
17 6 17 20 4 13 3 20 13 6 21 14 13 16 20 0 11 8 19 24 11 0 13 3 25 22 4 8 9 0 7 17 4 21 14 17 16
20 0 11 8 19 24 19 8 12 4 0 11 18 14 6 0 1 4 18 4 8 13 4 14 4 10 14 13 14 12 8 18 2 7 4 10 17 8
18 4 18 14 11 2 7 4 13 0 20 18 12 0 18 18 4 18 3 0 18 18 3 8 4 12 4 13 18 2 7 4 13 18 8 4 0 11
18 9 0 7 17 7 20 13 3 4 17 19 10 17 8 18 4 1 4 25 4 8 2 7 13 4 19 4 13 4 18 22 0 17 1 4 17 4 8
19 18 3 8 4 3 17 8 19 19 4 9 0 7 17 7 20 13 3 4 17 19 10 17 8 18 4 8 13 13 4 17 7 0 11 1 4 8 13
4 17 3 4 10 0 3 4 21 14 13 3 4 17 15 0 13 8 10 3 4 17 12 0 4 17 10 19 4 12 8 19 6 4 17 8 18 18 4
13 1 0 19 3 8 4 17 4 6 8 4 17 20 13 6 3 8 4 20 13 19 4 17 13 4 7 12 4 13 18 1 4 17 0 19 4 17 21
14 13 1 8 6 1 20 18 8 13 4 18 18 2 14 13 18 20 11 19 8 13 6 20 12 7 8 11 5 4 20 13 3 3 8 4 18 4
4 13 19 18 2 7 8 4 3 4 13 3 0 18 11 0 13 3 1 17 0 20 2 7 4 21 14 17 0 11 11 4 12 4 8 13 4 13 13
4 20 4 13 13 0 12 4 13 3 4 17 0 11 19 4 22 0 17 0 1 6 4 13 20 19 25 19 20 13 3 8 13 18 15 8 17 8
4 17 19 4 11 0 20 19 20 12 5 17 0 6 4 13 13 20 17 13 14 2 7 4 22 8 6 6 4 18 19 17 8 6 4 13 0 19
8 14 13 0 11 8 18 19 4 13 12 8 19 6 4 17 8 13 6 4 17 10 0 20 5 10 17 0 5 19